127
35
74
188
202
17
3
154
212
123
202
185
87
121
187
153
42
172
5
120
233
213
86
17
66
63
116
79
228
100
176
86
249
251
121
64
182
72
92
0
146
154
82
23
55
230
121
46
73
236
68
195
110
79
146
252
234
174
237
9
9
68
14
156
68
37
168
147
174
127
138
12
129
109
210
73
143
210
226
172
225
142
48
16
65
105
4
93
206
214
160
88
175
166
225
175
201
121
131
85
163
80
36
113
188
119
137
178
242
28
171
65
15
6
76
102
178
31
7
40
193
10
202
29
34
156
87
100
145
179
165
78
189
60
115
79
33
147
7
109
167
116
88
90
60
128
250
83
204
143
